$MeshFormat
4 0 8
$EndMeshFormat
$PhysicalNames
199
0 173 "FRACTURE_POINT_0"
0 174 "FRACTURE_POINT_1"
0 175 "FRACTURE_POINT_2"
0 176 "FRACTURE_POINT_3"
0 177 "FRACTURE_POINT_4"
0 178 "FRACTURE_POINT_5"
0 179 "FRACTURE_POINT_6"
0 180 "FRACTURE_POINT_7"
0 181 "FRACTURE_POINT_8"
0 182 "FRACTURE_POINT_9"
0 183 "FRACTURE_POINT_10"
0 184 "FRACTURE_POINT_11"
0 185 "FRACTURE_POINT_12"
0 186 "FRACTURE_POINT_13"
0 187 "FRACTURE_POINT_14"
0 188 "FRACTURE_POINT_15"
0 189 "FRACTURE_POINT_16"
0 190 "FRACTURE_POINT_17"
0 191 "FRACTURE_POINT_18"
0 192 "FRACTURE_POINT_19"
0 193 "FRACTURE_POINT_20"
0 194 "FRACTURE_POINT_21"
0 195 "FRACTURE_POINT_22"
0 196 "FRACTURE_POINT_23"
0 197 "FRACTURE_POINT_24"
0 198 "FRACTURE_POINT_25"
0 199 "FRACTURE_POINT_26"
1 1 "AUXILIARY_LINE_0"
1 2 "AUXILIARY_LINE_1"
1 3 "AUXILIARY_LINE_2"
1 4 "AUXILIARY_LINE_3"
1 5 "AUXILIARY_LINE_4"
1 6 "AUXILIARY_LINE_4ex"
1 7 "AUXILIARY_LINE_5"
1 8 "AUXILIARY_LINE_6"
1 9 "AUXILIARY_LINE_7"
1 10 "AUXILIARY_LINE_8"
1 11 "AUXILIARY_LINE_9"
1 12 "AUXILIARY_LINE_10"
1 13 "AUXILIARY_LINE_11"
1 14 "AUXILIARY_LINE_12"
1 15 "AUXILIARY_LINE_13"
1 16 "AUXILIARY_LINE_14"
1 17 "AUXILIARY_LINE_15"
1 18 "AUXILIARY_LINE_16"
1 19 "AUXILIARY_LINE_16ex"
1 20 "AUXILIARY_LINE_17"
1 21 "AUXILIARY_LINE_18"
1 22 "AUXILIARY_LINE_19"
1 23 "AUXILIARY_LINE_20"
1 24 "AUXILIARY_LINE_21"
1 25 "AUXILIARY_LINE_22"
1 26 "AUXILIARY_LINE_23"
1 27 "AUXILIARY_LINE_24"
1 28 "AUXILIARY_LINE_25"
1 29 "AUXILIARY_LINE_26"
1 30 "AUXILIARY_LINE_27"
1 31 "AUXILIARY_LINE_28"
1 32 "AUXILIARY_LINE_29"
1 33 "AUXILIARY_LINE_30"
1 34 "AUXILIARY_LINE_31"
1 35 "AUXILIARY_LINE_32"
1 36 "AUXILIARY_LINE_33"
1 37 "AUXILIARY_LINE_33ex"
1 38 "AUXILIARY_LINE_34"
1 39 "AUXILIARY_LINE_35"
1 40 "AUXILIARY_LINE_36"
1 41 "AUXILIARY_LINE_37"
1 42 "AUXILIARY_LINE_38"
1 43 "AUXILIARY_LINE_39"
1 44 "AUXILIARY_LINE_40"
1 45 "AUXILIARY_LINE_41"
1 46 "AUXILIARY_LINE_42"
1 47 "AUXILIARY_LINE_43"
1 48 "AUXILIARY_LINE_44"
1 49 "AUXILIARY_LINE_45"
1 50 "AUXILIARY_LINE_46"
1 51 "AUXILIARY_LINE_47"
1 52 "AUXILIARY_LINE_48"
1 53 "FRACTURE_LINE_49"
1 54 "AUXILIARY_LINE_50"
1 55 "FRACTURE_LINE_51"
1 56 "FRACTURE_LINE_52"
1 57 "FRACTURE_LINE_53"
1 58 "FRACTURE_LINE_54"
1 59 "AUXILIARY_LINE_55"
1 60 "AUXILIARY_LINE_56"
1 61 "FRACTURE_LINE_57"
1 62 "AUXILIARY_LINE_58"
1 63 "AUXILIARY_LINE_58ex"
1 64 "AUXILIARY_LINE_59"
1 65 "AUXILIARY_LINE_60"
1 66 "FRACTURE_LINE_61"
1 67 "FRACTURE_LINE_62"
1 68 "FRACTURE_LINE_63"
1 69 "FRACTURE_LINE_64"
1 70 "AUXILIARY_LINE_65"
1 71 "FRACTURE_LINE_66"
1 72 "AUXILIARY_LINE_67"
1 73 "AUXILIARY_LINE_68"
1 74 "AUXILIARY_LINE_68ex"
1 75 "AUXILIARY_LINE_69"
1 76 "AUXILIARY_LINE_70"
1 77 "AUXILIARY_LINE_71"
1 78 "AUXILIARY_LINE_72"
1 79 "FRACTURE_LINE_73"
1 80 "FRACTURE_LINE_74"
1 81 "FRACTURE_LINE_75"
1 82 "FRACTURE_LINE_76"
1 83 "FRACTURE_LINE_77"
1 84 "AUXILIARY_LINE_78"
1 85 "FRACTURE_LINE_79"
1 86 "AUXILIARY_LINE_80"
1 87 "AUXILIARY_LINE_81"
1 88 "AUXILIARY_LINE_81ex"
1 89 "AUXILIARY_LINE_82"
1 90 "AUXILIARY_LINE_83"
1 91 "AUXILIARY_LINE_84"
1 92 "AUXILIARY_LINE_85"
1 93 "FRACTURE_LINE_86"
1 94 "FRACTURE_LINE_87"
1 95 "FRACTURE_LINE_88"
1 96 "FRACTURE_LINE_89"
1 97 "FRACTURE_LINE_90"
1 98 "FRACTURE_LINE_91"
1 99 "FRACTURE_LINE_92"
1 100 "FRACTURE_LINE_93"
1 101 "FRACTURE_LINE_94"
1 102 "FRACTURE_LINE_95"
1 103 "FRACTURE_LINE_96"
1 104 "FRACTURE_LINE_97"
1 105 "FRACTURE_LINE_98"
1 106 "FRACTURE_LINE_99"
1 107 "FRACTURE_LINE_100"
1 108 "FRACTURE_LINE_101"
1 109 "FRACTURE_LINE_102"
1 110 "FRACTURE_LINE_103"
1 111 "FRACTURE_LINE_104"
1 112 "FRACTURE_LINE_105"
1 113 "FRACTURE_LINE_106"
1 114 "FRACTURE_LINE_107"
1 115 "FRACTURE_LINE_108"
1 116 "FRACTURE_LINE_109"
1 117 "FRACTURE_LINE_110"
1 118 "FRACTURE_LINE_111"
1 119 "FRACTURE_LINE_112"
1 120 "FRACTURE_LINE_113"
1 121 "FRACTURE_LINE_114"
1 122 "FRACTURE_LINE_115"
1 123 "FRACTURE_LINE_116"
1 124 "FRACTURE_LINE_117"
1 125 "FRACTURE_LINE_118"
1 126 "FRACTURE_LINE_119"
1 127 "FRACTURE_LINE_120"
1 128 "FRACTURE_LINE_121"
1 129 "FRACTURE_LINE_122"
1 130 "FRACTURE_LINE_123"
1 131 "FRACTURE_LINE_124"
1 132 "FRACTURE_LINE_125"
1 133 "FRACTURE_LINE_126"
1 134 "FRACTURE_LINE_127"
1 135 "FRACTURE_LINE_128"
1 136 "FRACTURE_LINE_129"
1 137 "FRACTURE_LINE_130"
1 138 "FRACTURE_LINE_131"
1 139 "FRACTURE_LINE_132"
1 140 "FRACTURE_LINE_133"
1 141 "FRACTURE_LINE_134"
1 142 "FRACTURE_LINE_135"
1 143 "FRACTURE_LINE_136"
1 144 "FRACTURE_LINE_137"
1 145 "In_Line_XY1"
1 146 "In_Line_XY2"
1 147 "In_Line_xz1"
1 148 "In_Line_xz2"
1 149 "In_Line_yz1"
1 150 "In_Line_yz2"
1 151 "out_Line_XY1"
1 152 "out_Line_XY2"
1 153 "out_Line_xz1"
1 154 "out_Line_xz2"
1 155 "out_Line_yz1"
1 156 "out_Line_yz2"
2 157 "AUXILIARY_9"
2 158 "AUXILIARY_10"
2 159 "AUXILIARY_11"
2 160 "AUXILIARY_12"
2 161 "AUXILIARY_13"
2 162 "AUXILIARY_14"
2 164 "FRACTURE_0"
2 165 "FRACTURE_1"
2 166 "FRACTURE_2"
2 167 "FRACTURE_3"
2 168 "FRACTURE_4"
2 169 "FRACTURE_5"
2 170 "FRACTURE_6"
2 171 "FRACTURE_7"
2 172 "FRACTURE_8"
3 163 "DOMAIN"
$EndPhysicalNames
$Entities
77 156 15 1
1 0.5 0 1 0.5 0 1 0 
2 0.5 0 0 0.5 0 0 0 
3 0.5 1 0 0.5 1 0 0 
4 0.5 1 1 0.5 1 1 0 
5 0 0.5 0 0 0.5 0 0 
6 1 0.5 0 1 0.5 0 0 
7 1 0.5 1 1 0.5 1 0 
8 0 0.5 1 0 0.5 1 0 
9 0 0 0.5 0 0 0.5 0 
10 1 0 0.5 1 0 0.5 0 
11 1 1 0.5 1 1 0.5 0 
12 0 1 0.5 0 1 0.5 0 
13 0.75 0.5 1 0.75 0.5 1 0 
14 0.75 0.5 0.5 0.75 0.5 0.5 1 173 
15 0.75 1 0.5 0.75 1 0.5 0 
16 0.75 1 1 0.75 1 1 0 
17 0.5 0.5 0.75 0.5 0.5 0.75 1 174 
18 1 0.5 0.75 1 0.5 0.75 0 
19 1 1 0.75 1 1 0.75 0 
20 0.5 1 0.75 0.5 1 0.75 0 
21 0.5 0.75 0.5 0.5 0.75 0.5 1 175 
22 1 0.75 0.5 1 0.75 0.5 0 
23 1 0.75 1 1 0.75 1 0 
24 0.5 0.75 1 0.5 0.75 1 0 
25 0.5 0.625 0.5 0.5 0.625 0.5 1 176 
26 0.75 0.625 0.5 0.75 0.625 0.5 1 177 
27 0.75 0.625 0.75 0.75 0.625 0.75 1 178 
28 0.5 0.625 0.75 0.5 0.625 0.75 1 179 
29 0.625 0.5 0.75 0.625 0.5 0.75 1 180 
30 0.625 0.5 0.5 0.625 0.5 0.5 1 181 
31 0.625 0.75 0.5 0.625 0.75 0.5 1 182 
32 0.625 0.75 0.75 0.625 0.75 0.75 1 183 
33 0.5 0.5 0.625 0.5 0.5 0.625 1 184 
34 0.75 0.5 0.625 0.75 0.5 0.625 1 185 
35 0.75 0.75 0.625 0.75 0.75 0.625 1 186 
36 0.5 0.75 0.625 0.5 0.75 0.625 1 187 
37 0 0 1 0 0 1 0 
38 0 0 0 0 0 0 0 
39 0 1 0 0 1 0 0 
40 0 1 1 0 1 1 0 
41 1 0 1 1 0 1 0 
42 1 0 0 1 0 0 0 
43 1 1 0 1 1 0 0 
44 1 1 1 1 1 1 0 
45 0.5 0.5 0 0.5 0.5 0 0 
46 0.5 0.5 1 0.5 0.5 1 0 
47 0.5 0 0.5 0.5 0 0.5 0 
48 0.5 1 0.5 0.5 1 0.5 0 
49 1 0.5 0.5 1 0.5 0.5 0 
50 0 0.5 0.5 0 0.5 0.5 0 
51 0.75 0.5 0.75 0.75 0.5 0.75 1 188 
52 0.75 1 0.75 0.75 1 0.75 0 
53 0.75 0.75 0.5 0.75 0.75 0.5 1 189 
54 0.75 0.75 1 0.75 0.75 1 0 
55 1 0.75 0.75 1 0.75 0.75 0 
56 0.5 0.75 0.75 0.5 0.75 0.75 1 190 
57 0.625 0.625 0.5 0.625 0.625 0.5 1 191 
58 0.625 0.625 0.75 0.625 0.625 0.75 1 192 
59 0.75 0.625 0.625 0.75 0.625 0.625 1 193 
60 0.5 0.625 0.625 0.5 0.625 0.625 1 194 
61 0.625 0.5 0.625 0.625 0.5 0.625 1 195 
62 0.625 0.75 0.625 0.625 0.75 0.625 1 196 
63 0.5 0.5 0.5 0.5 0.5 0.5 1 197 
64 0.75 0.75 0.75 0.75 0.75 0.75 1 198 
65 0.625 0.625 0.625 0.625 0.625 0.625 1 199 
66 0.25 0 0 0.25 0 0 0 
67 0 0.25 0 0 0.25 0 0 
68 0 0 0.25 0 0 0.25 0 
69 0.25 0.25 0 0.25 0.25 0 0 
70 0.25 0 0.25 0.25 0 0.25 0 
71 0 0.25 0.25 0 0.25 0.25 0 
72 0.875 1 1 0.875 1 1 0 
73 1 0.875 1 1 0.875 1 0 
74 1 1 0.875 1 1 0.875 0 
75 0.875 0.875 1 0.875 0.875 1 0 
76 0.875 1 0.875 0.875 1 0.875 0 
77 1 0.875 0.875 1 0.875 0.875 0 
1 0 0 1 0.5 0 1 1 1 2 1 -37 
2 0.5 0 1 1 0 1 1 2 2 1 -41 
3 0.5 0 1 0.5 0.5 1 1 3 2 1 -46 
4 0.5 0 0.5 0.5 0 1 1 4 2 1 -47 
5 0.25 0 0 0.5 0 0 1 5 2 2 -66 
6 0 0 0 0.25 0 0 1 6 2 66 -38 
7 0.5 0 0 1 0 0 1 7 2 2 -42 
8 0.5 0 0 0.5 0.5 0 1 8 2 2 -45 
9 0.5 0 0 0.5 0 0.5 1 9 2 2 -47 
10 0 1 0 0.5 1 0 1 10 2 3 -39 
11 0.5 1 0 1 1 0 1 11 2 3 -43 
12 0.5 0.5 0 0.5 1 0 1 12 2 3 -45 
13 0.5 1 0 0.5 1 0.5 1 13 2 3 -48 
14 0.5 1 1 0.75 1 1 1 14 2 4 -16 
15 0.5 1 0.75 0.5 1 1 1 15 2 4 -20 
16 0.5 0.75 1 0.5 1 1 1 16 2 4 -24 
17 0 1 1 0.5 1 1 1 17 2 4 -40 
18 0 0.25 0 0 0.5 0 1 18 2 5 -67 
19 0 0 0 0 0.25 0 1 19 2 67 -38 
20 0 0.5 0 0 1 0 1 20 2 5 -39 
21 0 0.5 0 0.5 0.5 0 1 21 2 5 -45 
22 0 0.5 0 0 0.5 0.5 1 22 2 5 -50 
23 1 0 0 1 0.5 0 1 23 2 6 -42 
24 1 0.5 0 1 1 0 1 24 2 6 -43 
25 0.5 0.5 0 1 0.5 0 1 25 2 6 -45 
26 1 0.5 0 1 0.5 0.5 1 26 2 6 -49 
27 0.75 0.5 1 1 0.5 1 1 27 2 7 -13 
28 1 0.5 0.75 1 0.5 1 1 28 2 7 -18 
29 1 0.5 1 1 0.75 1 1 29 2 7 -23 
30 1 0 1 1 0.5 1 1 30 2 7 -41 
31 0 0 1 0 0.5 1 1 31 2 8 -37 
32 0 0.5 1 0 1 1 1 32 2 8 -40 
33 0 0.5 1 0.5 0.5 1 1 33 2 8 -46 
34 0 0.5 0.5 0 0.5 1 1 34 2 8 -50 
35 0 0 0.5 0 0 1 1 35 2 9 -37 
36 0 0 0.25 0 0 0.5 1 36 2 9 -68 
37 0 0 0 0 0 0.25 1 37 2 68 -38 
38 0 0 0.5 0.5 0 0.5 1 38 2 9 -47 
39 0 0 0.5 0 0.5 0.5 1 39 2 9 -50 
40 1 0 0.5 1 0 1 1 40 2 10 -41 
41 1 0 0 1 0 0.5 1 41 2 10 -42 
42 0.5 0 0.5 1 0 0.5 1 42 2 10 -47 
43 1 0 0.5 1 0.5 0.5 1 43 2 10 -49 
44 0.75 1 0.5 1 1 0.5 1 44 2 11 -15 
45 1 1 0.5 1 1 0.75 1 45 2 11 -19 
46 1 0.75 0.5 1 1 0.5 1 46 2 11 -22 
47 1 1 0 1 1 0.5 1 47 2 11 -43 
48 0 1 0 0 1 0.5 1 48 2 12 -39 
49 0 1 0.5 0 1 1 1 49 2 12 -40 
50 0 1 0.5 0.5 1 0.5 1 50 2 12 -48 
51 0 0.5 0.5 0 1 0.5 1 51 2 12 -50 
52 0.5 0.5 1 0.75 0.5 1 1 52 2 13 -46 
53 0.75 0.5 0.75 0.75 0.5 1 1 53 2 13 -51 
54 0.75 0.5 1 0.75 0.75 1 1 54 2 13 -54 
55 0.75 0.5 0.5 0.75 0.625 0.5 1 55 2 14 -26 
56 0.625 0.5 0.5 0.75 0.5 0.5 1 56 2 14 -30 
57 0.75 0.5 0.5 0.75 0.5 0.625 1 57 2 14 -34 
58 0.75 0.5 0.5 1 0.5 0.5 1 58 2 14 -49 
59 0.5 1 0.5 0.75 1 0.5 1 59 2 15 -48 
60 0.75 1 0.5 0.75 1 0.75 1 60 2 15 -52 
61 0.75 0.75 0.5 0.75 1 0.5 1 61 2 15 -53 
62 0.75 1 1 0.875 1 1 1 62 2 16 -72 
63 0.875 1 1 1 1 1 1 63 2 72 -44 
64 0.75 1 0.75 0.75 1 1 1 64 2 16 -52 
65 0.75 0.75 1 0.75 1 1 1 65 2 16 -54 
66 0.5 0.5 0.75 0.5 0.625 0.75 1 66 2 17 -28 
67 0.5 0.5 0.75 0.625 0.5 0.75 1 67 2 17 -29 
68 0.5 0.5 0.625 0.5 0.5 0.75 1 68 2 17 -33 
69 0.5 0.5 0.75 0.5 0.5 1 1 69 2 17 -46 
70 1 0.5 0.5 1 0.5 0.75 1 70 2 18 -49 
71 0.75 0.5 0.75 1 0.5 0.75 1 71 2 18 -51 
72 1 0.5 0.75 1 0.75 0.75 1 72 2 18 -55 
73 1 1 0.75 1 1 0.875 1 73 2 19 -74 
74 1 1 0.875 1 1 1 1 74 2 74 -44 
75 0.75 1 0.75 1 1 0.75 1 75 2 19 -52 
76 1 0.75 0.75 1 1 0.75 1 76 2 19 -55 
77 0.5 1 0.5 0.5 1 0.75 1 77 2 20 -48 
78 0.5 1 0.75 0.75 1 0.75 1 78 2 20 -52 
79 0.5 0.75 0.75 0.5 1 0.75 1 79 2 20 -56 
80 0.5 0.625 0.5 0.5 0.75 0.5 1 80 2 21 -25 
81 0.5 0.75 0.5 0.625 0.75 0.5 1 81 2 21 -31 
82 0.5 0.75 0.5 0.5 0.75 0.625 1 82 2 21 -36 
83 0.5 0.75 0.5 0.5 1 0.5 1 83 2 21 -48 
84 1 0.5 0.5 1 0.75 0.5 1 84 2 22 -49 
85 0.75 0.75 0.5 1 0.75 0.5 1 85 2 22 -53 
86 1 0.75 0.5 1 0.75 0.75 1 86 2 22 -55 
87 1 0.75 1 1 0.875 1 1 87 2 23 -73 
88 1 0.875 1 1 1 1 1 88 2 73 -44 
89 0.75 0.75 1 1 0.75 1 1 89 2 23 -54 
90 1 0.75 0.75 1 0.75 1 1 90 2 23 -55 
91 0.5 0.5 1 0.5 0.75 1 1 91 2 24 -46 
92 0.5 0.75 1 0.75 0.75 1 1 92 2 24 -54 
93 0.5 0.75 0.75 0.5 0.75 1 1 93 2 24 -56 
94 0.5 0.625 0.5 0.625 0.625 0.5 1 94 2 25 -57 
95 0.5 0.625 0.5 0.5 0.625 0.625 1 95 2 25 -60 
96 0.5 0.5 0.5 0.5 0.625 0.5 1 96 2 25 -63 
97 0.75 0.625 0.5 0.75 0.75 0.5 1 97 2 26 -53 
98 0.625 0.625 0.5 0.75 0.625 0.5 1 98 2 26 -57 
99 0.75 0.625 0.5 0.75 0.625 0.625 1 99 2 26 -59 
100 0.75 0.5 0.75 0.75 0.625 0.75 1 100 2 27 -51 
101 0.625 0.625 0.75 0.75 0.625 0.75 1 101 2 27 -58 
102 0.75 0.625 0.625 0.75 0.625 0.75 1 102 2 27 -59 
103 0.75 0.625 0.75 0.75 0.75 0.75 1 103 2 27 -64 
104 0.5 0.625 0.75 0.5 0.75 0.75 1 104 2 28 -56 
105 0.5 0.625 0.75 0.625 0.625 0.75 1 105 2 28 -58 
106 0.5 0.625 0.625 0.5 0.625 0.75 1 106 2 28 -60 
107 0.625 0.5 0.75 0.75 0.5 0.75 1 107 2 29 -51 
108 0.625 0.5 0.75 0.625 0.625 0.75 1 108 2 29 -58 
109 0.625 0.5 0.625 0.625 0.5 0.75 1 109 2 29 -61 
110 0.625 0.5 0.5 0.625 0.625 0.5 1 110 2 30 -57 
111 0.625 0.5 0.5 0.625 0.5 0.625 1 111 2 30 -61 
112 0.5 0.5 0.5 0.625 0.5 0.5 1 112 2 30 -63 
113 0.625 0.75 0.5 0.75 0.75 0.5 1 113 2 31 -53 
114 0.625 0.625 0.5 0.625 0.75 0.5 1 114 2 31 -57 
115 0.625 0.75 0.5 0.625 0.75 0.625 1 115 2 31 -62 
116 0.5 0.75 0.75 0.625 0.75 0.75 1 116 2 32 -56 
117 0.625 0.625 0.75 0.625 0.75 0.75 1 117 2 32 -58 
118 0.625 0.75 0.625 0.625 0.75 0.75 1 118 2 32 -62 
119 0.625 0.75 0.75 0.75 0.75 0.75 1 119 2 32 -64 
120 0.5 0.5 0.625 0.5 0.625 0.625 1 120 2 33 -60 
121 0.5 0.5 0.625 0.625 0.5 0.625 1 121 2 33 -61 
122 0.5 0.5 0.5 0.5 0.5 0.625 1 122 2 33 -63 
123 0.75 0.5 0.625 0.75 0.5 0.75 1 123 2 34 -51 
124 0.75 0.5 0.625 0.75 0.625 0.625 1 124 2 34 -59 
125 0.625 0.5 0.625 0.75 0.5 0.625 1 125 2 34 -61 
126 0.75 0.75 0.5 0.75 0.75 0.625 1 126 2 35 -53 
127 0.75 0.625 0.625 0.75 0.75 0.625 1 127 2 35 -59 
128 0.625 0.75 0.625 0.75 0.75 0.625 1 128 2 35 -62 
129 0.75 0.75 0.625 0.75 0.75 0.75 1 129 2 35 -64 
130 0.5 0.75 0.625 0.5 0.75 0.75 1 130 2 36 -56 
131 0.5 0.625 0.625 0.5 0.75 0.625 1 131 2 36 -60 
132 0.5 0.75 0.625 0.625 0.75 0.625 1 132 2 36 -62 
133 0.5 0.5 0 0.5 0.5 0.5 1 133 2 45 -63 
134 0.5 0 0.5 0.5 0.5 0.5 1 134 2 47 -63 
135 0 0.5 0.5 0.5 0.5 0.5 1 135 2 50 -63 
136 0.75 0.75 0.75 0.75 1 0.75 1 136 2 52 -64 
137 0.75 0.75 0.75 0.75 0.75 1 1 137 2 54 -64 
138 0.75 0.75 0.75 1 0.75 0.75 1 138 2 55 -64 
139 0.625 0.625 0.5 0.625 0.625 0.625 1 139 2 57 -65 
140 0.625 0.625 0.625 0.625 0.625 0.75 1 140 2 58 -65 
141 0.625 0.625 0.625 0.75 0.625 0.625 1 141 2 59 -65 
142 0.5 0.625 0.625 0.625 0.625 0.625 1 142 2 60 -65 
143 0.625 0.5 0.625 0.625 0.625 0.625 1 143 2 61 -65 
144 0.625 0.625 0.625 0.625 0.75 0.625 1 144 2 62 -65 
145 0.25 0 0 0.25 0.25 0 1 145 2 66 -69 
146 0 0.25 0 0.25 0.25 0 1 146 2 67 -69 
147 0.25 0 0 0.25 0 0.25 1 147 2 66 -70 
148 0 0 0.25 0.25 0 0.25 1 148 2 68 -70 
149 0 0.25 0 0 0.25 0.25 1 149 2 67 -71 
150 0 0 0.25 0 0.25 0.25 1 150 2 68 -71 
151 0.875 0.875 1 0.875 1 1 1 151 2 72 -75 
152 0.875 0.875 1 1 0.875 1 1 152 2 73 -75 
153 0.875 1 0.875 0.875 1 1 1 153 2 72 -76 
154 0.875 1 0.875 1 1 0.875 1 154 2 74 -76 
155 1 0.875 0.875 1 0.875 1 1 155 2 73 -77 
156 1 0.875 0.875 1 1 0.875 1 156 2 74 -77 
158 0 0 0 0 1 1 1 157 10 18 19 -37 -36 35 -31 32 -49 48 -20 
160 1 0 0 1 1 1 1 158 12 23 -41 40 -30 29 87 88 -74 -73 -45 47 -24 
162 0 0 0 1 0 1 1 159 10 1 -35 36 37 -6 -5 7 -41 40 -2 
164 0 1 0 1 1 1 1 160 12 10 -48 49 -17 14 62 63 -74 -73 -45 47 -11 
166 0 0 0 1 1 0 1 161 10 5 6 -19 -18 20 -10 11 -24 23 -7 
168 0 0 1 1 1 1 1 162 12 1 -31 32 -17 14 62 63 -88 -87 -29 30 -2 
171 0.5 0 0 0.5 1 1 1 164 10 3 -91 -16 15 77 -13 12 -8 9 -4 
173 0 0.5 0 1 0.5 1 1 165 10 21 -25 26 -70 -28 27 52 -33 34 -22 
175 0 0 0.5 1 1 0.5 1 166 10 38 -42 43 -84 -46 44 59 -50 51 -39 
177 0.75 0.5 0.5 0.75 1 1 1 167 10 53 -123 -57 55 97 -61 60 -64 65 -54 
179 0.5 0.5 0.75 1 1 0.75 1 168 10 66 104 -79 78 -75 76 -72 71 -107 -67 
181 0.5 0.75 0.5 1 0.75 1 1 169 10 81 113 -85 86 -90 89 -92 93 -130 -82 
183 0.5 0.625 0.5 0.75 0.625 0.75 1 170 8 94 -98 99 -102 101 -105 106 -95 
185 0.625 0.5 0.5 0.625 0.75 0.75 1 171 8 108 -117 118 -115 114 -110 111 -109 
187 0.5 0.5 0.625 0.75 0.75 0.625 1 172 8 120 -131 132 -128 127 -124 125 -121 
1 0 0 0 1 1 1 1 163 6 158 160 162 164 166 168 
$EndEntities
$Nodes
249 160
1 0 1 1
1 0.5 0 1
2 0 1 1
2 0.5 0 0
3 0 1 1
3 0.5 1 0
4 0 1 1
4 0.5 1 1
5 0 1 1
5 0 0.5 0
6 0 1 1
6 1 0.5 0
7 0 1 1
7 1 0.5 1
8 0 1 1
8 0 0.5 1
9 0 1 1
9 0 0 0.5
10 0 1 1
10 1 0 0.5
11 0 1 1
11 1 1 0.5
12 0 1 1
12 0 1 0.5
13 0 1 1
13 0.75 0.5 1
14 0 1 1
14 0.75 0.5 0.5
15 0 1 1
15 0.75 1 0.5
16 0 1 1
16 0.75 1 1
17 0 1 1
17 0.5 0.5 0.75
18 0 1 1
18 1 0.5 0.75
19 0 1 1
19 1 1 0.75
20 0 1 1
20 0.5 1 0.75
21 0 1 1
21 0.5 0.75 0.5
22 0 1 1
22 1 0.75 0.5
23 0 1 1
23 1 0.75 1
24 0 1 1
24 0.5 0.75 1
25 0 1 1
25 0.5 0.625 0.5
26 0 1 1
26 0.75 0.625 0.5
27 0 1 1
27 0.75 0.625 0.75
28 0 1 1
28 0.5 0.625 0.75
29 0 1 1
29 0.625 0.5 0.75
30 0 1 1
30 0.625 0.5 0.5
31 0 1 1
31 0.625 0.75 0.5
32 0 1 1
32 0.625 0.75 0.75
33 0 1 1
33 0.5 0.5 0.625
34 0 1 1
34 0.75 0.5 0.625
35 0 1 1
35 0.75 0.75 0.625
36 0 1 1
36 0.5 0.75 0.625
37 0 1 1
37 0 0 1
38 0 1 1
38 0 0 0
39 0 1 1
39 0 1 0
40 0 1 1
40 0 1 1
41 0 1 1
41 1 0 1
42 0 1 1
42 1 0 0
43 0 1 1
43 1 1 0
44 0 1 1
44 1 1 1
45 0 1 1
45 0.5 0.5 0
46 0 1 1
46 0.5 0.5 1
47 0 1 1
47 0.5 0 0.5
48 0 1 1
48 0.5 1 0.5
49 0 1 1
49 1 0.5 0.5
50 0 1 1
50 0 0.5 0.5
51 0 1 1
51 0.75 0.5 0.75
52 0 1 1
52 0.75 1 0.75
53 0 1 1
53 0.75 0.75 0.5
54 0 1 1
54 0.75 0.75 1
55 0 1 1
55 1 0.75 0.75
56 0 1 1
56 0.5 0.75 0.75
57 0 1 1
57 0.625 0.625 0.5
58 0 1 1
58 0.625 0.625 0.75
59 0 1 1
59 0.75 0.625 0.625
60 0 1 1
60 0.5 0.625 0.625
61 0 1 1
61 0.625 0.5 0.625
62 0 1 1
62 0.625 0.75 0.625
63 0 1 1
63 0.5 0.5 0.5
64 0 1 1
64 0.75 0.75 0.75
65 0 1 1
65 0.625 0.625 0.625
66 0 1 1
66 0.25 0 0
67 0 1 1
67 0 0.25 0
68 0 1 1
68 0 0 0.25
69 0 1 1
69 0.25 0.25 0
70 0 1 1
70 0.25 0 0.25
71 0 1 1
71 0 0.25 0.25
72 0 1 1
72 0.875 1 1
73 0 1 1
73 1 0.875 1
74 0 1 1
74 1 1 0.875
75 0 1 1
75 0.875 0.875 1
76 0 1 1
76 0.875 1 0.875
77 0 1 1
77 1 0.875 0.875
1 1 1 1
78 0.2500000000010296 0 1 0.4999999999979409
2 1 1 1
79 0.75 0 1 0.5
3 1 1 1
80 0.5 0.249999999999347 1 0.499999999998694
4 1 1 1
81 0.5 0 0.75 0.5
5 1 1 0
6 1 1 0
7 1 1 1
82 0.75 0 0 0.5
8 1 1 1
83 0.5 0.249999999999347 0 0.499999999998694
9 1 1 1
84 0.5 0 0.249999999999347 0.499999999998694
10 1 1 1
85 0.2500000000010296 1 0 0.4999999999979409
11 1 1 1
86 0.75 1 0 0.5
12 1 1 1
87 0.5 0.75 0 0.5
13 1 1 1
88 0.5 1 0.249999999999347 0.499999999998694
14 1 1 0
15 1 1 0
16 1 1 0
17 1 1 1
89 0.2500000000010296 1 1 0.4999999999979409
18 1 1 0
19 1 1 0
20 1 1 1
90 0 0.75 0 0.5
21 1 1 1
91 0.249999999999347 0.5 0 0.499999999998694
22 1 1 1
92 0 0.5 0.249999999999347 0.499999999998694
23 1 1 1
93 1 0.2500000000010296 0 0.4999999999979409
24 1 1 1
94 1 0.75 0 0.5
25 1 1 1
95 0.75 0.5 0 0.5
26 1 1 1
96 1 0.5 0.249999999999347 0.499999999998694
27 1 1 0
28 1 1 0
29 1 1 0
30 1 1 1
97 1 0.2500000000010296 1 0.4999999999979409
31 1 1 1
98 0 0.2500000000010296 1 0.4999999999979409
32 1 1 1
99 0 0.75 1 0.5
33 1 1 1
100 0.249999999999347 0.5 1 0.499999999998694
34 1 1 1
101 0 0.5 0.75 0.5
35 1 1 1
102 0 0 0.75 0.5
36 1 1 0
37 1 1 0
38 1 1 1
103 0.249999999999347 0 0.5 0.499999999998694
39 1 1 1
104 0 0.249999999999347 0.5 0.499999999998694
40 1 1 1
105 1 0 0.75 0.5
41 1 1 1
106 1 0 0.2500000000010296 0.4999999999979409
42 1 1 1
107 0.75 0 0.5 0.5
43 1 1 1
108 1 0.249999999999347 0.5 0.499999999998694
44 1 1 0
45 1 1 0
46 1 1 0
47 1 1 1
109 1 1 0.2500000000010296 0.4999999999979409
48 1 1 1
110 0 1 0.2500000000010296 0.4999999999979409
49 1 1 1
111 0 1 0.75 0.5
50 1 1 1
112 0.249999999999347 1 0.5 0.499999999998694
51 1 1 1
113 0 0.75 0.5 0.5
52 1 1 0
53 1 1 0
54 1 1 0
55 1 1 0
56 1 1 0
57 1 1 0
58 1 1 0
59 1 1 0
60 1 1 0
61 1 1 0
62 1 1 0
63 1 1 0
64 1 1 0
65 1 1 0
66 1 1 0
67 1 1 0
68 1 1 0
69 1 1 0
70 1 1 0
71 1 1 0
72 1 1 0
73 1 1 0
74 1 1 0
75 1 1 0
76 1 1 0
77 1 1 0
78 1 1 0
79 1 1 0
80 1 1 0
81 1 1 0
82 1 1 0
83 1 1 0
84 1 1 0
85 1 1 0
86 1 1 0
87 1 1 0
88 1 1 0
89 1 1 0
90 1 1 0
91 1 1 0
92 1 1 0
93 1 1 0
94 1 1 0
95 1 1 0
96 1 1 0
97 1 1 0
98 1 1 0
99 1 1 0
100 1 1 0
101 1 1 0
102 1 1 0
103 1 1 0
104 1 1 0
105 1 1 0
106 1 1 0
107 1 1 0
108 1 1 0
109 1 1 0
110 1 1 0
111 1 1 0
112 1 1 0
113 1 1 0
114 1 1 0
115 1 1 0
116 1 1 0
117 1 1 0
118 1 1 0
119 1 1 0
120 1 1 0
121 1 1 0
122 1 1 0
123 1 1 0
124 1 1 0
125 1 1 0
126 1 1 0
127 1 1 0
128 1 1 0
129 1 1 0
130 1 1 0
131 1 1 0
132 1 1 0
133 1 1 1
114 0.5 0.5 0.249999999999347 0.499999999998694
134 1 1 1
115 0.5 0.249999999999347 0.5 0.499999999998694
135 1 1 1
116 0.249999999999347 0.5 0.5 0.499999999998694
136 1 1 0
137 1 1 0
138 1 1 0
139 1 1 0
140 1 1 0
141 1 1 0
142 1 1 0
143 1 1 0
144 1 1 0
145 1 1 0
146 1 1 0
147 1 1 0
148 1 1 0
149 1 1 0
150 1 1 0
151 1 1 0
152 1 1 0
153 1 1 0
154 1 1 0
155 1 1 0
156 1 1 0
158 2 1 3
117 0 0.75 0.75 -0.75 0.75
118 0 0.7499999999996735 0.2499999999996735 -0.2499999999996735 0.7499999999996735
119 0 0.2499999999994852 0.7500000000005147 -0.7500000000005147 0.2499999999994852
160 2 1 3
120 1 0.2500000000005148 0.7500000000005148 -0.7500000000005148 0.2500000000005148
121 1 0.2500000000000627 0.2500000000000627 -0.2500000000000627 0.2500000000000627
122 1 0.75 0.2500000000000627 -0.2500000000000627 0.75
162 2 1 3
123 0.75 0 0.75 0.75 0.75
124 0.75 0 0.2500000000000627 0.2500000000000627 0.75
125 0.2500000000000627 0 0.75 0.75 0.2500000000000627
164 2 1 3
126 0.2500000000000627 1 0.2500000000000627 -0.2500000000000627 0.2500000000000627
127 0.7500000000005148 1 0.2500000000005148 -0.2500000000005148 0.7500000000005148
128 0.2500000000005148 1 0.7500000000005148 -0.7500000000005148 0.2500000000005148
166 2 1 3
129 0.75 0.75 0 -0.75 0.75
130 0.2500000000005148 0.7500000000005148 0 -0.7500000000005148 0.2500000000005148
131 0.7500000000005148 0.2500000000005148 0 -0.2500000000005148 0.7500000000005148
168 2 1 3
132 0.7500000000005148 0.2500000000005148 1 -0.2500000000005148 0.7500000000005148
133 0.2500000000000627 0.75 1 -0.75 0.2500000000000627
134 0.2500000000000627 0.2500000000000627 1 -0.2500000000000627 0.2500000000000627
171 2 1 5
135 0.5 0.875 0.625 -0.625 0.875
136 0.5 0.249999999999347 0.250000000000653 -0.250000000000653 0.249999999999347
137 0.5 0.401109181318896 0.6302151094045252 -0.6302151094045252 0.401109181318896
138 0.5 0.7708333333333333 0.3333333333331157 -0.3333333333331157 0.7708333333333333
139 0.5 0.3077642692329249 0.7865057658316754 -0.7865057658316754 0.3077642692329249
173 2 1 6
140 0.8290524280600133 0.5 0.3790524280597133 0.3790524280597133 0.8290524280600133
141 0.875 0.5 0.625 0.625 0.875
142 0.250000000000653 0.5 0.250000000000653 0.250000000000653 0.250000000000653
143 0.6452621402997402 0.5 0.3952621402995459 0.3952621402995459 0.6452621402997402
144 0.7500000000003265 0.5 0.2499999999996735 0.2499999999996735 0.7500000000003265
145 0.3333333333331157 0.5 0.7708333333333333 0.7708333333333333 0.3333333333331157
175 2 1 7
146 0.7456342914547486 0.172785894573447 0.5 0.172785894573447 0.7456342914547486
147 0.6505949169613865 0.3687781292400488 0.5 0.3687781292400488 0.6505949169613865
148 0.625 0.875 0.5 0.875 0.625
149 0.875 0.625 0.5 0.625 0.875
150 0.250000000000653 0.249999999999347 0.5 0.249999999999347 0.250000000000653
151 0.3333333333331157 0.7708333333333333 0.5 0.7708333333333333 0.3333333333331157
152 0.8188451232218542 0.3407231327753862 0.5 0.3407231327753862 0.8188451232218542
177 2 1 1
153 0.75 0.625 0.875 0.875 0.625
179 2 1 1
154 0.875 0.625 0.7500000000000001 -0.625 0.875
181 2 1 1
155 0.625 0.7500000000000001 0.875 0.875 0.625
183 2 1 0
185 2 1 0
187 2 1 0
1 3 1 5
156 0.6875 0.6818474007935421 0.315326299603062
157 0.08333333333333334 0.08333333333333334 0.125
158 0.4166666666665941 0.1249999999998912 0.08333333333335147
159 0.6875 0.5833333333333335 0.5416666666666667
160 0.08333333333322449 0.08333333333322449 0.3749999999998911
$EndNodes
$Elements
249 1283
1 0 15 1
1 1 
2 0 15 1
2 2 
3 0 15 1
3 3 
4 0 15 1
4 4 
5 0 15 1
5 5 
6 0 15 1
6 6 
7 0 15 1
7 7 
8 0 15 1
8 8 
9 0 15 1
9 9 
10 0 15 1
10 10 
11 0 15 1
11 11 
12 0 15 1
12 12 
13 0 15 1
13 13 
14 0 15 1
14 14 
15 0 15 1
15 15 
16 0 15 1
16 16 
17 0 15 1
17 17 
18 0 15 1
18 18 
19 0 15 1
19 19 
20 0 15 1
20 20 
21 0 15 1
21 21 
22 0 15 1
22 22 
23 0 15 1
23 23 
24 0 15 1
24 24 
25 0 15 1
25 25 
26 0 15 1
26 26 
27 0 15 1
27 27 
28 0 15 1
28 28 
29 0 15 1
29 29 
30 0 15 1
30 30 
31 0 15 1
31 31 
32 0 15 1
32 32 
33 0 15 1
33 33 
34 0 15 1
34 34 
35 0 15 1
35 35 
36 0 15 1
36 36 
37 0 15 1
37 37 
38 0 15 1
38 38 
39 0 15 1
39 39 
40 0 15 1
40 40 
41 0 15 1
41 41 
42 0 15 1
42 42 
43 0 15 1
43 43 
44 0 15 1
44 44 
45 0 15 1
45 45 
46 0 15 1
46 46 
47 0 15 1
47 47 
48 0 15 1
48 48 
49 0 15 1
49 49 
50 0 15 1
50 50 
51 0 15 1
51 51 
52 0 15 1
52 52 
53 0 15 1
53 53 
54 0 15 1
54 54 
55 0 15 1
55 55 
56 0 15 1
56 56 
57 0 15 1
57 57 
58 0 15 1
58 58 
59 0 15 1
59 59 
60 0 15 1
60 60 
61 0 15 1
61 61 
62 0 15 1
62 62 
63 0 15 1
63 63 
64 0 15 1
64 64 
65 0 15 1
65 65 
66 0 15 1
66 66 
67 0 15 1
67 67 
68 0 15 1
68 68 
69 0 15 1
69 69 
70 0 15 1
70 70 
71 0 15 1
71 71 
72 0 15 1
72 72 
73 0 15 1
73 73 
74 0 15 1
74 74 
75 0 15 1
75 75 
76 0 15 1
76 76 
77 0 15 1
77 77 
1 1 1 2
78 1 78 
79 78 37 
2 1 1 2
80 1 79 
81 79 41 
3 1 1 2
82 1 80 
83 80 46 
4 1 1 2
84 1 81 
85 81 47 
5 1 1 1
86 2 66 
6 1 1 1
87 66 38 
7 1 1 2
88 2 82 
89 82 42 
8 1 1 2
90 2 83 
91 83 45 
9 1 1 2
92 2 84 
93 84 47 
10 1 1 2
94 3 85 
95 85 39 
11 1 1 2
96 3 86 
97 86 43 
12 1 1 2
98 3 87 
99 87 45 
13 1 1 2
100 3 88 
101 88 48 
14 1 1 1
102 4 16 
15 1 1 1
103 4 20 
16 1 1 1
104 4 24 
17 1 1 2
105 4 89 
106 89 40 
18 1 1 1
107 5 67 
19 1 1 1
108 67 38 
20 1 1 2
109 5 90 
110 90 39 
21 1 1 2
111 5 91 
112 91 45 
22 1 1 2
113 5 92 
114 92 50 
23 1 1 2
115 6 93 
116 93 42 
24 1 1 2
117 6 94 
118 94 43 
25 1 1 2
119 6 95 
120 95 45 
26 1 1 2
121 6 96 
122 96 49 
27 1 1 1
123 7 13 
28 1 1 1
124 7 18 
29 1 1 1
125 7 23 
30 1 1 2
126 7 97 
127 97 41 
31 1 1 2
128 8 98 
129 98 37 
32 1 1 2
130 8 99 
131 99 40 
33 1 1 2
132 8 100 
133 100 46 
34 1 1 2
134 8 101 
135 101 50 
35 1 1 2
136 9 102 
137 102 37 
36 1 1 1
138 9 68 
37 1 1 1
139 68 38 
38 1 1 2
140 9 103 
141 103 47 
39 1 1 2
142 9 104 
143 104 50 
40 1 1 2
144 10 105 
145 105 41 
41 1 1 2
146 10 106 
147 106 42 
42 1 1 2
148 10 107 
149 107 47 
43 1 1 2
150 10 108 
151 108 49 
44 1 1 1
152 11 15 
45 1 1 1
153 11 19 
46 1 1 1
154 11 22 
47 1 1 2
155 11 109 
156 109 43 
48 1 1 2
157 12 110 
158 110 39 
49 1 1 2
159 12 111 
160 111 40 
50 1 1 2
161 12 112 
162 112 48 
51 1 1 2
163 12 113 
164 113 50 
52 1 1 1
165 13 46 
53 1 1 1
166 13 51 
54 1 1 1
167 13 54 
55 1 1 1
168 14 26 
56 1 1 1
169 14 30 
57 1 1 1
170 14 34 
58 1 1 1
171 14 49 
59 1 1 1
172 15 48 
60 1 1 1
173 15 52 
61 1 1 1
174 15 53 
62 1 1 1
175 16 72 
63 1 1 1
176 72 44 
64 1 1 1
177 16 52 
65 1 1 1
178 16 54 
66 1 1 1
179 17 28 
67 1 1 1
180 17 29 
68 1 1 1
181 17 33 
69 1 1 1
182 17 46 
70 1 1 1
183 18 49 
71 1 1 1
184 18 51 
72 1 1 1
185 18 55 
73 1 1 1
186 19 74 
74 1 1 1
187 74 44 
75 1 1 1
188 19 52 
76 1 1 1
189 19 55 
77 1 1 1
190 20 48 
78 1 1 1
191 20 52 
79 1 1 1
192 20 56 
80 1 1 1
193 21 25 
81 1 1 1
194 21 31 
82 1 1 1
195 21 36 
83 1 1 1
196 21 48 
84 1 1 1
197 22 49 
85 1 1 1
198 22 53 
86 1 1 1
199 22 55 
87 1 1 1
200 23 73 
88 1 1 1
201 73 44 
89 1 1 1
202 23 54 
90 1 1 1
203 23 55 
91 1 1 1
204 24 46 
92 1 1 1
205 24 54 
93 1 1 1
206 24 56 
94 1 1 1
207 25 57 
95 1 1 1
208 25 60 
96 1 1 1
209 25 63 
97 1 1 1
210 26 53 
98 1 1 1
211 26 57 
99 1 1 1
212 26 59 
100 1 1 1
213 27 51 
101 1 1 1
214 27 58 
102 1 1 1
215 27 59 
103 1 1 1
216 27 64 
104 1 1 1
217 28 56 
105 1 1 1
218 28 58 
106 1 1 1
219 28 60 
107 1 1 1
220 29 51 
108 1 1 1
221 29 58 
109 1 1 1
222 29 61 
110 1 1 1
223 30 57 
111 1 1 1
224 30 61 
112 1 1 1
225 30 63 
113 1 1 1
226 31 53 
114 1 1 1
227 31 57 
115 1 1 1
228 31 62 
116 1 1 1
229 32 56 
117 1 1 1
230 32 58 
118 1 1 1
231 32 62 
119 1 1 1
232 32 64 
120 1 1 1
233 33 60 
121 1 1 1
234 33 61 
122 1 1 1
235 33 63 
123 1 1 1
236 34 51 
124 1 1 1
237 34 59 
125 1 1 1
238 34 61 
126 1 1 1
239 35 53 
127 1 1 1
240 35 59 
128 1 1 1
241 35 62 
129 1 1 1
242 35 64 
130 1 1 1
243 36 56 
131 1 1 1
244 36 60 
132 1 1 1
245 36 62 
133 1 1 2
246 45 114 
247 114 63 
134 1 1 2
248 47 115 
249 115 63 
135 1 1 2
250 50 116 
251 116 63 
136 1 1 1
252 52 64 
137 1 1 1
253 54 64 
138 1 1 1
254 55 64 
139 1 1 1
255 57 65 
140 1 1 1
256 58 65 
141 1 1 1
257 59 65 
142 1 1 1
258 60 65 
143 1 1 1
259 61 65 
144 1 1 1
260 62 65 
145 1 1 1
261 66 69 
146 1 1 1
262 67 69 
147 1 1 1
263 66 70 
148 1 1 1
264 68 70 
149 1 1 1
265 67 71 
150 1 1 1
266 68 71 
151 1 1 1
267 72 75 
152 1 1 1
268 73 75 
153 1 1 1
269 72 76 
154 1 1 1
270 74 76 
155 1 1 1
271 73 77 
156 1 1 1
272 74 77 
158 2 2 32
273 71 5 67 
274 92 5 71 
275 90 5 118 
276 5 92 118 
277 98 8 101 
278 8 99 101 
279 9 104 68 
280 102 104 9 
281 12 110 113 
282 111 12 113 
283 37 98 119 
284 102 37 119 
285 68 67 38 
286 39 90 118 
287 110 39 118 
288 40 111 99 
289 50 92 71 
290 104 50 71 
291 92 50 118 
292 101 50 104 
293 101 113 50 
294 50 113 118 
295 68 71 67 
296 104 71 68 
297 98 101 119 
298 101 99 117 
299 99 111 117 
300 101 104 119 
301 113 101 117 
302 104 102 119 
303 113 110 118 
304 111 113 117 
160 2 2 36
305 96 6 93 
306 96 94 6 
307 7 23 18 
308 7 18 120 
309 97 7 120 
310 105 108 10 
311 108 106 10 
312 19 11 22 
313 22 11 109 
314 23 55 18 
315 18 55 49 
316 18 49 120 
317 19 22 55 
318 77 19 55 
319 74 19 77 
320 55 22 49 
321 49 22 122 
322 22 109 122 
323 23 77 55 
324 73 77 23 
325 41 97 120 
326 105 41 120 
327 93 42 121 
328 42 106 121 
329 43 94 122 
330 109 43 122 
331 44 74 73 
332 49 96 121 
333 96 49 122 
334 108 49 121 
335 49 108 120 
336 73 74 77 
337 96 93 121 
338 94 96 122 
339 108 105 120 
340 106 108 121 
162 2 2 32
341 81 1 78 
342 81 79 1 
343 2 84 66 
344 82 84 2 
345 70 9 68 
346 70 103 9 
347 9 103 102 
348 107 10 105 
349 106 10 107 
350 78 37 125 
351 37 102 125 
352 38 66 70 
353 38 70 68 
354 105 41 79 
355 82 42 124 
356 42 106 124 
357 107 81 47 
358 47 81 125 
359 84 47 103 
360 47 84 124 
361 103 47 125 
362 107 47 124 
363 66 84 70 
364 70 84 103 
365 81 78 125 
366 79 81 123 
367 105 79 123 
368 81 107 123 
369 84 82 124 
370 102 103 125 
371 107 105 123 
372 106 107 124 
164 2 2 36
373 88 3 85 
374 88 86 3 
375 16 52 4 
376 4 52 20 
377 4 20 128 
378 89 4 128 
379 52 11 15 
380 15 11 127 
381 52 19 11 
382 11 109 127 
383 112 110 12 
384 111 112 12 
385 20 15 48 
386 52 15 20 
387 48 15 127 
388 16 76 52 
389 16 72 76 
390 76 19 52 
391 76 74 19 
392 20 48 128 
393 85 39 126 
394 39 110 126 
395 40 89 128 
396 111 40 128 
397 43 86 127 
398 109 43 127 
399 44 76 72 
400 44 74 76 
401 48 88 126 
402 88 48 127 
403 112 48 126 
404 48 112 128 
405 88 85 126 
406 86 88 127 
407 110 112 126 
408 112 111 128 
166 2 2 32
409 69 2 66 
410 69 83 2 
411 83 82 2 
412 85 3 130 
413 3 86 87 
414 3 87 130 
415 5 91 67 
416 90 91 5 
417 6 93 131 
418 94 6 95 
419 95 6 131 
420 67 66 38 
421 39 85 130 
422 90 39 130 
423 42 82 131 
424 93 42 131 
425 86 43 94 
426 45 83 69 
427 91 45 69 
428 83 45 131 
429 87 95 45 
430 87 45 130 
431 45 91 130 
432 45 95 131 
433 67 69 66 
434 91 69 67 
435 82 83 131 
436 87 86 129 
437 86 94 129 
438 95 87 129 
439 91 90 130 
440 94 95 129 
168 2 2 36
441 80 1 78 
442 80 79 1 
443 4 16 54 
444 4 54 24 
445 89 4 24 
446 54 7 13 
447 13 7 132 
448 54 23 7 
449 7 97 132 
450 100 98 8 
451 99 100 8 
452 24 13 46 
453 54 13 24 
454 46 13 132 
455 16 75 54 
456 16 72 75 
457 75 23 54 
458 73 23 75 
459 24 46 133 
460 89 24 133 
461 78 37 134 
462 37 98 134 
463 40 89 133 
464 99 40 133 
465 41 79 132 
466 97 41 132 
467 44 73 72 
468 46 80 134 
469 80 46 132 
470 100 46 134 
471 46 100 133 
472 72 73 75 
473 80 78 134 
474 79 80 132 
475 98 100 134 
476 100 99 133 
171 2 2 46
477 1 80 81 
478 84 83 2 
479 88 3 87 
480 4 20 56 
481 24 4 56 
482 46 28 17 
483 28 60 17 
484 17 60 33 
485 17 33 137 
486 46 17 139 
487 139 17 137 
488 20 48 135 
489 56 20 135 
490 60 21 25 
491 25 21 138 
492 36 21 60 
493 21 36 135 
494 21 48 138 
495 48 21 135 
496 24 28 46 
497 24 56 28 
498 60 25 63 
499 63 25 114 
500 114 25 138 
501 56 36 28 
502 28 36 60 
503 60 63 33 
504 33 63 137 
505 36 56 135 
506 114 45 83 
507 114 87 45 
508 80 46 139 
509 81 115 47 
510 84 47 136 
511 47 115 136 
512 48 88 138 
513 63 114 136 
514 115 63 136 
515 63 115 137 
516 81 80 139 
517 115 81 139 
518 83 84 136 
519 114 83 136 
520 88 87 138 
521 87 114 138 
522 115 139 137 
173 2 2 48
523 91 92 5 
524 6 96 95 
525 18 7 13 
526 101 100 8 
527 51 18 13 
528 29 13 46 
529 51 13 29 
530 14 34 30 
531 14 30 143 
532 34 14 141 
533 14 49 141 
534 49 14 140 
535 14 143 140 
536 17 29 46 
537 61 29 17 
538 33 61 17 
539 33 17 145 
540 17 46 145 
541 49 18 141 
542 18 51 141 
543 34 51 29 
544 34 29 61 
545 30 61 33 
546 63 30 33 
547 30 34 61 
548 30 63 143 
549 116 63 33 
550 116 33 145 
551 51 34 141 
552 91 45 114 
553 95 114 45 
554 46 100 145 
555 96 49 140 
556 92 116 50 
557 116 101 50 
558 114 63 142 
559 63 114 143 
560 63 116 142 
561 92 91 142 
562 91 114 142 
563 116 92 142 
564 95 96 144 
565 114 95 144 
566 144 96 140 
567 100 101 145 
568 101 116 145 
569 114 144 143 
570 143 144 140 
175 2 2 50
571 103 104 9 
572 107 10 146 
573 10 108 146 
574 22 11 15 
575 113 112 12 
576 14 26 57 
577 26 14 149 
578 30 14 57 
579 14 30 147 
580 49 14 152 
581 14 49 149 
582 152 14 147 
583 53 22 15 
584 15 48 148 
585 53 15 148 
586 57 21 25 
587 25 21 151 
588 57 31 21 
589 21 31 148 
590 21 48 151 
591 48 21 148 
592 49 22 149 
593 22 53 149 
594 63 57 25 
595 63 25 116 
596 116 25 151 
597 26 53 31 
598 57 26 31 
599 53 26 149 
600 30 57 63 
601 30 63 147 
602 31 53 148 
603 103 47 150 
604 47 107 146 
605 47 115 150 
606 115 47 146 
607 48 112 151 
608 108 49 152 
609 104 116 50 
610 50 116 113 
611 115 63 150 
612 63 115 147 
613 63 116 150 
614 104 103 150 
615 116 104 150 
616 108 152 146 
617 112 113 151 
618 113 116 151 
619 147 115 146 
620 152 147 146 
177 2 2 18
621 13 51 153 
622 54 13 153 
623 26 59 14 
624 14 59 34 
625 15 52 35 
626 15 35 53 
627 64 52 16 
628 64 16 54 
629 26 53 35 
630 26 35 59 
631 34 27 51 
632 59 27 34 
633 59 35 27 
634 35 64 27 
635 51 27 153 
636 27 64 153 
637 35 52 64 
638 64 54 153 
179 2 2 18
639 28 58 17 
640 58 29 17 
641 18 51 154 
642 55 18 154 
643 19 55 52 
644 20 52 32 
645 20 32 56 
646 27 51 29 
647 27 29 58 
648 32 27 58 
649 64 27 32 
650 51 27 154 
651 27 64 154 
652 56 32 28 
653 32 58 28 
654 52 64 32 
655 52 55 64 
656 64 55 154 
181 2 2 18
657 31 62 21 
658 21 62 36 
659 22 35 53 
660 22 55 35 
661 64 23 54 
662 55 23 64 
663 54 24 155 
664 24 56 155 
665 31 53 62 
666 62 35 32 
667 35 64 32 
668 36 32 56 
669 62 32 36 
670 56 32 155 
671 32 64 155 
672 53 35 62 
673 35 55 64 
674 64 54 155 
183 2 2 8
675 57 65 25 
676 25 65 60 
677 57 26 65 
678 26 59 65 
679 59 27 58 
680 60 58 28 
681 65 59 58 
682 65 58 60 
185 2 2 8
683 58 65 29 
684 29 65 61 
685 65 57 30 
686 61 65 30 
687 62 31 57 
688 32 62 58 
689 62 57 65 
690 58 62 65 
187 2 2 8
691 60 65 33 
692 65 61 33 
693 59 34 61 
694 35 59 65 
695 62 35 65 
696 36 62 60 
697 59 61 65 
698 62 65 60 
1 3 4 585
699 51 147 34 152 
700 29 34 147 61 
701 146 139 123 51 
702 83 2 84 158 
703 83 84 136 158 
704 68 38 67 157 
705 71 68 67 157 
706 68 104 9 160 
707 104 68 71 160 
708 29 137 61 147 
709 141 51 34 152 
710 146 147 152 144 
711 147 51 146 152 
712 123 146 51 120 
713 139 132 123 51 
714 60 36 145 28 
715 51 146 139 147 
716 34 29 147 51 
717 132 123 51 120 
718 120 146 51 152 
719 152 121 146 144 
720 36 145 151 60 
721 147 146 136 144 
722 154 141 149 55 
723 57 14 26 159 
724 14 57 30 159 
725 144 146 136 124 
726 144 121 146 124 
727 145 151 117 56 
728 51 139 29 147 
729 147 143 140 144 
730 51 141 120 152 
731 143 147 136 144 
732 128 117 151 56 
733 145 117 133 56 
734 139 137 29 147 
735 152 140 121 144 
736 117 128 133 56 
737 131 144 136 124 
738 121 144 131 124 
739 152 147 140 144 
740 117 116 151 145 
741 134 150 145 139 
742 153 18 51 154 
743 56 151 135 36 
744 76 77 75 64 
745 135 52 62 148 
746 153 46 155 58 
747 138 129 127 156 
748 134 125 150 139 
749 138 126 142 151 
750 87 129 138 156 
751 36 56 145 28 
752 145 119 150 134 
753 151 126 142 118 
754 142 130 126 138 
755 26 65 57 159 
756 65 26 59 159 
757 70 9 103 160 
758 68 9 70 160 
759 68 70 38 157 
760 70 66 38 157 
761 2 69 66 158 
762 69 2 83 158 
763 81 139 123 146 
764 69 136 142 71 
765 71 136 142 150 
766 130 142 126 118 
767 125 150 119 134 
768 136 69 70 71 
769 70 136 71 150 
770 149 59 141 154 
771 139 137 147 115 
772 113 116 151 117 
773 145 117 116 101 
774 122 140 149 156 
775 87 95 129 156 
776 145 150 137 139 
777 149 35 59 154 
778 128 151 117 112 
779 127 138 88 129 
780 145 133 117 100 
781 151 113 117 112 
782 87 88 138 129 
783 101 145 117 100 
784 80 139 132 123 
785 139 80 81 123 
786 56 145 151 36 
787 114 144 95 156 
788 148 127 53 156 
789 122 149 53 156 
790 127 129 122 156 
791 149 140 26 156 
792 147 146 139 115 
793 31 148 53 156 
794 46 13 153 155 
795 155 13 153 54 
796 153 7 18 154 
797 55 141 149 49 
798 76 19 77 52 
799 75 23 54 77 
800 76 75 54 64 
801 75 54 16 76 
802 77 76 52 64 
803 54 75 77 64 
804 135 48 15 148 
805 52 135 15 148 
806 54 154 23 153 
807 18 141 154 55 
808 54 154 153 64 
809 127 122 53 156 
810 140 122 144 156 
811 122 95 96 144 
812 122 127 86 129 
813 122 94 95 129 
814 86 94 122 129 
815 117 128 111 99 
816 120 132 123 105 
817 132 79 123 105 
818 128 117 133 99 
819 113 111 112 12 
820 111 113 112 117 
821 117 128 112 111 
822 79 81 80 123 
823 80 132 79 123 
824 86 127 88 129 
825 87 86 88 129 
826 79 81 1 80 
827 117 133 99 100 
828 101 99 8 100 
829 101 117 99 100 
830 95 144 114 131 
831 144 136 114 131 
832 113 101 116 117 
833 1 81 78 80 
834 110 12 113 112 
835 22 53 15 127 
836 13 120 132 51 
837 13 18 120 51 
838 53 22 122 127 
839 101 98 100 8 
840 96 144 95 131 
841 7 132 120 97 
842 41 120 132 97 
843 96 121 144 131 
844 128 151 135 56 
845 149 26 53 156 
846 132 139 29 51 
847 139 81 150 115 
848 125 81 150 139 
849 81 139 146 115 
850 119 116 145 150 
851 119 145 116 101 
852 116 151 142 118 
853 130 142 114 138 
854 118 116 151 113 
855 130 114 87 138 
856 28 155 46 58 
857 52 35 62 148 
858 32 135 52 62 
859 46 153 29 58 
860 153 23 7 154 
861 154 149 35 55 
862 116 151 145 60 
863 123 146 120 105 
864 87 45 95 156 
865 148 138 127 156 
866 134 145 119 100 
867 113 151 126 112 
868 101 119 145 100 
869 118 151 126 113 
870 88 126 130 138 
871 88 130 87 138 
872 139 150 137 115 
873 143 25 57 156 
874 134 80 125 139 
875 81 125 80 139 
876 87 114 45 156 
877 114 95 45 156 
878 136 69 83 158 
879 70 68 71 157 
880 57 65 30 159 
881 68 70 71 160 
882 107 105 146 123 
883 143 136 147 115 
884 13 18 51 153 
885 22 149 53 122 
886 18 51 141 120 
887 148 15 53 127 
888 143 147 63 115 
889 31 138 148 156 
890 81 107 146 123 
891 142 138 151 25 
892 108 146 10 105 
893 106 108 146 10 
894 149 122 96 140 
895 116 145 150 137 
896 140 121 108 152 
897 119 78 125 134 
898 37 125 119 78 
899 134 37 119 78 
900 113 126 110 112 
901 104 116 119 150 
902 118 126 110 113 
903 90 130 126 118 
904 134 119 98 100 
905 121 131 82 124 
906 96 94 95 122 
907 118 39 126 90 
908 39 130 126 90 
909 131 42 121 82 
910 101 104 116 119 
911 124 82 121 42 
912 98 101 100 119 
913 122 127 43 86 
914 86 94 43 122 
915 155 153 58 27 
916 62 58 60 65 
917 105 120 132 41 
918 132 79 105 41 
919 74 73 76 77 
920 62 26 57 31 
921 27 34 59 154 
922 73 74 76 44 
923 72 73 76 44 
924 73 72 76 75 
925 73 76 77 75 
926 141 34 59 149 
927 59 34 141 154 
928 135 62 36 148 
929 26 65 62 57 
930 94 96 95 6 
931 87 86 3 88 
932 40 111 128 99 
933 133 40 128 99 
934 81 125 78 80 
935 125 78 80 134 
936 71 142 69 91 
937 136 63 142 150 
938 142 114 69 91 
939 91 142 114 130 
940 116 92 118 142 
941 116 71 142 150 
942 91 92 71 142 
943 136 114 69 142 
944 92 116 71 142 
945 42 131 121 93 
946 39 130 85 126 
947 131 83 82 124 
948 125 37 119 102 
949 136 63 150 115 
950 85 130 3 88 
951 131 6 96 93 
952 104 101 116 50 
953 119 102 103 125 
954 106 124 121 42 
955 39 118 126 110 
956 83 131 136 124 
957 89 40 128 133 
958 122 127 109 43 
959 22 109 127 11 
960 89 24 128 4 
961 45 69 114 91 
962 92 91 71 5 
963 87 45 114 130 
964 67 91 71 69 
965 91 67 71 5 
966 113 118 116 50 
967 116 92 71 50 
968 114 69 45 83 
969 131 45 114 95 
970 45 131 114 83 
971 69 114 136 83 
972 116 92 50 118 
973 91 114 45 130 
974 131 136 114 83 
975 24 89 128 133 
976 109 22 127 122 
977 119 102 104 103 
978 103 150 119 125 
979 92 142 91 118 
980 130 91 142 118 
981 121 96 93 131 
982 130 85 126 88 
983 84 82 83 124 
984 104 71 116 150 
985 71 104 116 50 
986 101 113 116 50 
987 150 119 104 103 
988 56 4 128 24 
989 4 56 128 20 
990 13 120 7 132 
991 18 13 120 7 
992 22 15 11 127 
993 115 81 150 47 
994 130 87 3 88 
995 6 131 96 95 
996 24 133 128 56 
997 90 91 118 5 
998 91 90 118 130 
999 84 83 136 124 
1000 103 136 150 47 
1001 70 136 150 103 
1002 37 134 119 98 
1003 91 5 92 118 
1004 125 47 150 81 
1005 114 136 63 142 
1006 116 142 63 150 
1007 82 83 2 84 
1008 84 136 103 47 
1009 70 136 103 84 
1010 115 150 136 47 
1011 102 9 104 103 
1012 125 47 103 150 
1013 143 136 114 144 
1014 15 22 35 53 
1015 13 132 29 51 
1016 4 52 155 20 
1017 4 52 16 155 
1018 122 96 140 144 
1019 96 121 140 144 
1020 14 147 143 140 
1021 108 120 141 152 
1022 107 105 10 146 
1023 107 106 146 10 
1024 114 87 138 156 
1025 116 142 151 25 
1026 138 142 114 25 
1027 108 49 140 152 
1028 132 139 13 29 
1029 52 15 11 35 
1030 11 19 52 35 
1031 19 22 35 11 
1032 22 19 35 55 
1033 108 120 146 105 
1034 108 106 146 121 
1035 124 121 146 106 
1036 29 139 13 46 
1037 136 146 147 115 
1038 84 136 146 124 
1039 66 67 38 157 
1040 66 84 2 158 
1041 9 104 103 160 
1042 115 146 81 47 
1043 146 136 84 47 
1044 136 146 115 47 
1045 138 88 148 127 
1046 112 128 151 135 
1047 46 145 24 28 
1048 140 143 26 156 
1049 108 146 120 152 
1050 146 108 121 152 
1051 14 147 140 152 
1052 106 107 146 124 
1053 52 155 20 32 
1054 33 116 145 60 
1055 151 116 25 60 
1056 29 17 46 58 
1057 28 46 17 58 
1058 100 134 145 139 
1059 25 143 114 156 
1060 145 100 139 46 
1061 48 128 112 135 
1062 141 120 108 49 
1063 88 48 148 127 
1064 96 122 149 49 
1065 13 18 153 7 
1066 54 154 64 23 
1067 55 52 77 19 
1068 22 55 149 49 
1069 52 76 16 64 
1070 4 24 155 54 
1071 48 128 135 20 
1072 120 141 18 49 
1073 153 13 7 54 
1074 7 23 153 54 
1075 155 24 13 54 
1076 155 4 20 56 
1077 155 24 4 56 
1078 54 155 16 64 
1079 52 16 155 64 
1080 76 54 16 64 
1081 20 15 135 48 
1082 52 55 77 64 
1083 18 141 55 49 
1084 148 48 15 127 
1085 55 23 64 154 
1086 24 13 46 155 
1087 23 64 54 77 
1088 23 18 7 154 
1089 23 55 64 77 
1090 20 15 52 135 
1091 155 16 4 54 
1092 154 23 18 55 
1093 122 22 149 49 
1094 135 20 128 56 
1095 47 84 146 124 
1096 107 81 146 47 
1097 47 146 107 124 
1098 149 96 49 140 
1099 151 138 126 48 
1100 49 121 108 140 
1101 96 121 49 140 
1102 139 100 134 46 
1103 132 13 139 46 
1104 132 139 80 46 
1105 134 80 139 46 
1106 57 31 26 156 
1107 63 136 143 115 
1108 63 136 114 143 
1109 52 35 32 62 
1110 133 46 145 24 
1111 46 133 145 100 
1112 138 88 126 48 
1113 126 151 48 112 
1114 137 150 63 115 
1115 150 63 116 137 
1116 137 61 147 30 
1117 64 35 52 55 
1118 35 19 52 55 
1119 22 15 35 11 
1120 142 63 114 25 
1121 63 142 116 25 
1122 34 30 147 61 
1123 26 143 57 156 
1124 31 62 53 148 
1125 57 21 62 31 
1126 26 62 53 31 
1127 34 51 141 154 
1128 36 62 21 148 
1129 21 62 31 148 
1130 36 21 135 148 
1131 34 27 51 154 
1132 60 62 21 36 
1133 17 65 60 58 
1134 27 153 51 154 
1135 34 141 14 149 
1136 14 59 149 26 
1137 14 59 34 149 
1138 116 145 137 33 
1139 155 46 24 28 
1140 153 29 13 46 
1141 35 52 15 148 
1142 20 135 52 32 
1143 55 149 35 22 
1144 49 108 141 152 
1145 57 138 31 156 
1146 138 21 57 31 
1147 36 151 21 60 
1148 138 57 25 156 
1149 32 60 36 62 
1150 58 59 35 27 
1151 32 135 62 36 
1152 27 29 58 59 
1153 58 62 35 65 
1154 27 29 153 58 
1155 59 58 35 65 
1156 29 65 58 59 
1157 27 32 58 155 
1158 27 34 29 59 
1159 35 65 26 59 
1160 29 61 65 59 
1161 61 29 34 59 
1162 65 35 26 62 
1163 35 26 149 59 
1164 35 27 59 154 
1165 58 62 60 32 
1166 25 65 62 60 
1167 65 33 30 61 
1168 65 25 62 57 
1169 143 26 14 140 
1170 29 17 139 46 
1171 15 53 35 148 
1172 51 29 13 153 
1173 53 35 149 22 
1174 34 14 141 152 
1175 60 63 116 25 
1176 63 60 116 33 
1177 32 155 20 56 
1178 155 52 64 32 
1179 140 144 143 156 
1180 147 14 34 152 
1181 14 59 26 159 
1182 143 144 114 156 
1183 141 14 149 49 
1184 21 48 135 148 
1185 141 51 18 154 
1186 26 31 53 156 
1187 17 145 139 46 
1188 25 114 138 156 
1189 141 14 49 152 
1190 112 151 48 135 
1191 48 138 88 148 
1192 151 21 48 135 
1193 48 21 138 148 
1194 46 17 145 28 
1195 143 63 147 30 
1196 30 34 147 14 
1197 137 63 116 33 
1198 49 14 149 140 
1199 31 138 21 148 
1200 151 21 135 36 
1201 138 151 21 48 
1202 140 49 14 152 
1203 137 33 61 30 
1204 17 145 137 139 
1205 60 145 17 28 
1206 138 21 25 57 
1207 25 21 151 60 
1208 33 145 17 60 
1209 29 27 153 51 
1210 62 35 53 148 
1211 61 17 29 65 
1212 17 65 58 29 
1213 34 27 29 51 
1214 53 35 62 26 
1215 26 35 149 53 
1216 58 60 17 28 
1217 33 17 65 60 
1218 25 62 21 60 
1219 25 62 57 21 
1220 61 17 65 33 
1221 16 72 75 76 
1222 63 57 65 30 
1223 75 73 23 77 
1224 19 77 74 76 
1225 153 155 64 27 
1226 27 64 153 154 
1227 149 14 26 140 
1228 57 63 143 30 
1229 14 57 26 143 
1230 14 57 143 30 
1231 21 151 138 25 
1232 52 35 64 32 
1233 20 135 32 56 
1234 35 64 154 55 
1235 56 155 24 28 
1236 32 35 58 62 
1237 60 58 32 28 
1238 28 36 32 60 
1239 27 32 35 58 
1240 28 32 155 58 
1241 25 63 114 143 
1242 153 155 54 64 
1243 139 137 17 29 
1244 147 63 137 30 
1245 137 145 17 33 
1246 147 137 63 115 
1247 143 147 14 30 
1248 61 17 137 29 
1249 17 61 137 33 
1250 35 64 27 154 
1251 27 32 155 64 
1252 135 32 56 36 
1253 57 63 65 25 
1254 65 63 30 33 
1255 65 63 33 60 
1256 25 63 65 60 
1257 57 63 25 143 
1258 33 137 63 30 
1259 32 27 35 64 
1260 36 28 32 56 
1261 32 28 155 56 
1262 95 156 122 129 
1263 122 156 95 144 
1264 56 145 24 133 
1265 24 145 56 28 
1266 69 158 70 66 
1267 69 70 158 136 
1268 84 70 158 66 
1269 84 158 70 136 
1270 14 159 34 59 
1271 34 159 14 30 
1272 159 61 34 59 
1273 34 61 159 30 
1274 159 65 61 59 
1275 61 65 159 30 
1276 70 157 69 66 
1277 70 69 157 71 
1278 67 69 157 66 
1279 67 157 69 71 
1280 70 160 150 71 
1281 70 150 160 103 
1282 104 150 160 71 
1283 104 160 150 103 
$EndElements
